308
313
314
315
331
329
332
336
337
339
340
341
342
346
348
349
359
361
363
362
424
425
426
427
428
429
430
431
432
433
461
462
463
466
468
470
1942
1945
1948
1949
1973
1974
1979
1983
1992
1998
1999
2000
2001
2003
2005
2006
2021
2022
2032
134
135
137
138
139
140
141
142
143
144
145
146
147
148
151
153
158
159
170
172
160
171
174
182
183
184
185
186
191
195
199
204
219
221
222
225
234
251
254
3345
3350
3354
3358
3360
3361
3387
3388
3389
3390
3399
3403
3409
3412
3415
3420
3421
3422
3427
3428
3434
3435
3441
3443
3444
3448
3458
3457
3460
3464
3465
3469
3485
3491
3492